year;month;day;hour;hmix
2017;10;01;01;79.63
2017;10;01;02;79.63
2017;10;01;03;79.63
2017;10;01;04;207.13
2017;10;01;05;207.13
2017;10;01;06;207.13
2017;10;01;07;74.82
2017;10;01;08;347.73
2017;10;01;09;541.55
2017;10;01;10;741.29
2017;10;01;11;923.68
2017;10;01;12;1087.20
2017;10;01;13;1214.59
2017;10;01;14;1301.04
2017;10;01;15;1340.90
2017;10;01;16;1344.84
2017;10;01;17;1309.30
2017;10;01;18;68.90
2017;10;01;19;50.49
2017;10;01;20;50.49
2017;10;01;21;50.49
2017;10;01;22;50.58
2017;10;01;23;50.58
2017;10;02;00;50.58
2017;10;02;01;53.30
2017;10;02;02;53.30
2017;10;02;03;53.30
2017;10;02;04;51.40
2017;10;02;05;51.40
2017;10;02;06;51.40
2017;10;02;07;50.02
2017;10;02;08;201.67
2017;10;02;09;445.96
2017;10;02;10;695.60
2017;10;02;11;920.89
2017;10;02;12;1063.26
2017;10;02;13;1151.85
2017;10;02;14;1220.10
2017;10;02;15;1257.00
2017;10;02;16;1265.19
2017;10;02;17;1209.43
2017;10;02;18;50.04
2017;10;02;19;53.88
2017;10;02;20;53.88
2017;10;02;21;53.88
2017;10;02;22;50.00
2017;10;02;23;50.00
2017;10;03;00;50.00
2017;10;03;01;53.30
2017;10;03;02;53.30
2017;10;03;03;53.30
2017;10;03;04;51.40
2017;10;03;05;51.40
2017;10;03;06;51.40
2017;10;03;07;50.02
2017;10;03;08;198.48
2017;10;03;09;442.26
2017;10;03;10;688.99
2017;10;03;11;918.53
2017;10;03;12;1061.52
2017;10;03;13;1148.40
2017;10;03;14;1215.41
2017;10;03;15;1251.26
2017;10;03;16;1258.34
2017;10;03;17;1200.70
2017;10;03;18;50.04
2017;10;03;19;53.88
2017;10;03;20;53.88
2017;10;03;21;53.88
2017;10;03;22;50.00
2017;10;03;23;50.00
2017;10;04;00;50.00
2017;10;04;01;56.12
2017;10;04;02;56.12
2017;10;04;03;56.12
2017;10;04;04;60.35
2017;10;04;05;60.35
2017;10;04;06;60.35
2017;10;04;07;56.74
2017;10;04;08;191.60
2017;10;04;09;433.45
2017;10;04;10;719.52
2017;10;04;11;1066.46
2017;10;04;12;1486.14
2017;10;04;13;1626.01
2017;10;04;14;1665.86
2017;10;04;15;1675.36
2017;10;04;16;1659.44
2017;10;04;17;1612.02
2017;10;04;18;50.00
2017;10;04;19;50.91
2017;10;04;20;50.91
2017;10;04;21;50.91
2017;10;04;22;51.56
2017;10;04;23;51.56
2017;10;05;00;51.56
2017;10;05;01;50.28
2017;10;05;02;50.28
2017;10;05;03;50.28
2017;10;05;04;50.00
2017;10;05;05;50.00
2017;10;05;06;50.00
2017;10;05;07;50.09
2017;10;05;08;209.66
2017;10;05;09;424.64
2017;10;05;10;646.36
2017;10;05;11;833.70
2017;10;05;12;939.19
2017;10;05;13;994.63
2017;10;05;14;1033.03
2017;10;05;15;1059.68
2017;10;05;16;1064.40
2017;10;05;17;983.39
2017;10;05;18;51.96
2017;10;05;19;118.39
2017;10;05;20;118.39
2017;10;05;21;118.39
2017;10;05;22;104.05
2017;10;05;23;104.05
2017;10;06;00;104.05
2017;10;06;01;72.42
2017;10;06;02;72.42
2017;10;06;03;72.42
2017;10;06;04;52.80
2017;10;06;05;52.80
2017;10;06;06;52.80
2017;10;06;07;83.11
2017;10;06;08;250.20
2017;10;06;09;336.49
2017;10;06;10;508.65
2017;10;06;11;749.44
2017;10;06;12;1018.77
2017;10;06;13;1226.83
2017;10;06;14;1365.28
2017;10;06;15;1544.57
2017;10;06;16;1573.70
2017;10;06;17;1451.14
2017;10;06;18;200.11
2017;10;06;19;52.33
2017;10;06;20;52.33
2017;10;06;21;52.33
2017;10;06;22;82.11
2017;10;06;23;82.11
2017;10;07;00;82.11
2017;10;07;01;70.23
2017;10;07;02;70.23
2017;10;07;03;70.23
2017;10;07;04;142.92
2017;10;07;05;142.92
2017;10;07;06;142.92
2017;10;07;07;96.30
2017;10;07;08;199.57
2017;10;07;09;312.47
2017;10;07;10;435.24
2017;10;07;11;583.67
2017;10;07;12;773.71
2017;10;07;13;992.23
2017;10;07;14;1144.47
2017;10;07;15;1206.97
2017;10;07;16;1217.85
2017;10;07;17;1100.73
2017;10;07;18;100.33
2017;10;07;19;53.34
2017;10;07;20;53.34
2017;10;07;21;53.34
2017;10;07;22;70.07
2017;10;07;23;70.07
2017;10;08;00;70.07
2017;10;08;01;102.13
2017;10;08;02;102.13
2017;10;08;03;102.13
2017;10;08;04;58.87
2017;10;08;05;58.87
2017;10;08;06;58.87
2017;10;08;07;53.84
2017;10;08;08;211.00
2017;10;08;09;456.42
2017;10;08;10;697.24
2017;10;08;11;870.68
2017;10;08;12;995.72
2017;10;08;13;1094.42
2017;10;08;14;1164.48
2017;10;08;15;1195.23
2017;10;08;16;1198.35
2017;10;08;17;1161.20
2017;10;08;18;50.00
2017;10;08;19;52.65
2017;10;08;20;52.65
2017;10;08;21;52.65
2017;10;08;22;53.71
2017;10;08;23;53.71
2017;10;09;00;53.71
2017;10;09;01;92.02
2017;10;09;02;92.02
2017;10;09;03;92.02
2017;10;09;04;83.11
2017;10;09;05;83.11
2017;10;09;06;83.11
2017;10;09;07;51.98
2017;10;09;08;179.49
2017;10;09;09;345.05
2017;10;09;10;528.81
2017;10;09;11;717.47
2017;10;09;12;901.77
2017;10;09;13;1047.40
2017;10;09;14;1142.82
2017;10;09;15;1185.68
2017;10;09;16;1194.31
2017;10;09;17;1118.55
2017;10;09;18;50.00
2017;10;09;19;52.95
2017;10;09;20;52.95
2017;10;09;21;52.95
2017;10;09;22;53.26
2017;10;09;23;53.26
2017;10;10;00;53.26
2017;10;10;01;89.62
2017;10;10;02;89.62
2017;10;10;03;89.62
2017;10;10;04;78.19
2017;10;10;05;78.19
2017;10;10;06;78.19
2017;10;10;07;133.67
2017;10;10;08;282.37
2017;10;10;09;377.24
2017;10;10;10;537.39
2017;10;10;11;747.73
2017;10;10;12;974.02
2017;10;10;13;1168.61
2017;10;10;14;1298.05
2017;10;10;15;1364.07
2017;10;10;16;1381.61
2017;10;10;17;1325.22
2017;10;10;18;50.00
2017;10;10;19;56.96
2017;10;10;20;56.96
2017;10;10;21;56.96
2017;10;10;22;53.97
2017;10;10;23;53.97
2017;10;11;00;53.97
2017;10;11;01;55.63
2017;10;11;02;55.63
2017;10;11;03;55.63
2017;10;11;04;53.54
2017;10;11;05;53.54
2017;10;11;06;53.54
2017;10;11;07;53.56
2017;10;11;08;250.12
2017;10;11;09;508.07
2017;10;11;10;774.17
2017;10;11;11;1043.54
2017;10;11;12;1320.62
2017;10;11;13;1523.18
2017;10;11;14;1597.47
2017;10;11;15;1601.53
2017;10;11;16;1589.66
2017;10;11;17;1546.50
2017;10;11;18;50.00
2017;10;11;19;52.14
2017;10;11;20;52.14
2017;10;11;21;52.14
2017;10;11;22;50.01
2017;10;11;23;50.01
2017;10;12;00;50.01
2017;10;12;01;50.19
2017;10;12;02;50.19
2017;10;12;03;50.19
2017;10;12;04;50.12
2017;10;12;05;50.12
2017;10;12;06;50.12
2017;10;12;07;50.23
2017;10;12;08;225.38
2017;10;12;09;523.29
2017;10;12;10;742.54
2017;10;12;11;906.72
2017;10;12;12;1022.30
2017;10;12;13;1104.42
2017;10;12;14;1162.57
2017;10;12;15;1184.81
2017;10;12;16;1179.30
2017;10;12;17;1135.80
2017;10;12;18;50.00
2017;10;12;19;51.21
2017;10;12;20;51.21
2017;10;12;21;51.21
2017;10;12;22;50.00
2017;10;12;23;50.00
2017;10;13;00;50.00
2017;10;13;01;50.03
2017;10;13;02;50.03
2017;10;13;03;50.03
2017;10;13;04;50.23
2017;10;13;05;50.23
2017;10;13;06;50.23
2017;10;13;07;53.27
2017;10;13;08;174.49
2017;10;13;09;308.69
2017;10;13;10;559.97
2017;10;13;11;789.54
2017;10;13;12;911.99
2017;10;13;13;986.88
2017;10;13;14;1031.28
2017;10;13;15;1063.85
2017;10;13;16;1065.12
2017;10;13;17;1031.02
2017;10;13;18;50.00
2017;10;13;19;50.00
2017;10;13;20;50.00
2017;10;13;21;50.00
2017;10;13;22;50.00
2017;10;13;23;50.00
2017;10;14;00;50.00
2017;10;14;01;50.77
2017;10;14;02;50.77
2017;10;14;03;50.77
2017;10;14;04;54.00
2017;10;14;05;54.00
2017;10;14;06;54.00
2017;10;14;07;50.01
2017;10;14;08;113.58
2017;10;14;09;251.23
2017;10;14;10;421.88
2017;10;14;11;562.85
2017;10;14;12;681.17
2017;10;14;13;789.10
2017;10;14;14;867.56
2017;10;14;15;917.19
2017;10;14;16;924.45
2017;10;14;17;884.21
2017;10;14;18;50.00
2017;10;14;19;50.10
2017;10;14;20;50.10
2017;10;14;21;50.10
2017;10;14;22;50.23
2017;10;14;23;50.23
2017;10;15;00;50.23
2017;10;15;01;50.00
2017;10;15;02;50.00
2017;10;15;03;50.00
2017;10;15;04;50.00
2017;10;15;05;50.00
2017;10;15;06;50.00
2017;10;15;07;50.00
2017;10;15;08;104.97
2017;10;15;09;235.72
2017;10;15;10;377.29
2017;10;15;11;502.38
2017;10;15;12;611.18
2017;10;15;13;707.76
2017;10;15;14;781.04
2017;10;15;15;826.22
2017;10;15;16;834.32
2017;10;15;17;797.90
2017;10;15;18;50.00
2017;10;15;19;52.78
2017;10;15;20;52.78
2017;10;15;21;52.78
2017;10;15;22;50.35
2017;10;15;23;50.35
2017;10;16;00;50.35
2017;10;16;01;50.00
2017;10;16;02;50.00
2017;10;16;03;50.00
2017;10;16;04;50.02
2017;10;16;05;50.02
2017;10;16;06;50.02
2017;10;16;07;50.01
2017;10;16;08;120.74
2017;10;16;09;215.57
2017;10;16;10;364.81
2017;10;16;11;501.03
2017;10;16;12;618.05
2017;10;16;13;720.69
2017;10;16;14;797.55
2017;10;16;15;845.70
2017;10;16;16;852.57
2017;10;16;17;801.40
2017;10;16;18;50.00
2017;10;16;19;55.36
2017;10;16;20;55.36
2017;10;16;21;55.36
2017;10;16;22;50.05
2017;10;16;23;50.05
2017;10;17;00;50.05
2017;10;17;01;50.00
2017;10;17;02;50.00
2017;10;17;03;50.00
2017;10;17;04;50.00
2017;10;17;05;50.00
2017;10;17;06;50.00
2017;10;17;07;50.00
2017;10;17;08;83.74
2017;10;17;09;200.17
2017;10;17;10;357.95
2017;10;17;11;500.81
2017;10;17;12;621.85
2017;10;17;13;727.63
2017;10;17;14;806.58
2017;10;17;15;866.26
2017;10;17;16;878.24
2017;10;17;17;819.62
2017;10;17;18;50.00
2017;10;17;19;50.00
2017;10;17;20;50.00
2017;10;17;21;50.00
2017;10;17;22;50.00
2017;10;17;23;50.00
2017;10;18;00;50.00
2017;10;18;01;50.00
2017;10;18;02;50.00
2017;10;18;03;50.00
2017;10;18;04;50.00
2017;10;18;05;50.00
2017;10;18;06;50.00
2017;10;18;07;50.00
2017;10;18;08;61.08
2017;10;18;09;163.59
2017;10;18;10;269.27
2017;10;18;11;360.00
2017;10;18;12;448.08
2017;10;18;13;620.31
2017;10;18;14;692.58
2017;10;18;15;740.99
2017;10;18;16;747.88
2017;10;18;17;699.92
2017;10;18;18;51.66
2017;10;18;19;50.09
2017;10;18;20;50.09
2017;10;18;21;50.09
2017;10;18;22;50.00
2017;10;18;23;50.00
2017;10;19;00;50.00
2017;10;19;01;50.00
2017;10;19;02;50.00
2017;10;19;03;50.00
2017;10;19;04;50.02
2017;10;19;05;50.02
2017;10;19;06;50.02
2017;10;19;07;50.01
2017;10;19;08;337.02
2017;10;19;09;599.58
2017;10;19;10;748.07
2017;10;19;11;832.20
2017;10;19;12;883.97
2017;10;19;13;930.58
2017;10;19;14;960.38
2017;10;19;15;978.36
2017;10;19;16;971.47
2017;10;19;17;925.58
2017;10;19;18;50.00
2017;10;19;19;50.00
2017;10;19;20;50.00
2017;10;19;21;50.00
2017;10;19;22;50.00
2017;10;19;23;50.00
2017;10;20;00;50.00
2017;10;20;01;50.01
2017;10;20;02;50.01
2017;10;20;03;50.01
2017;10;20;04;50.02
2017;10;20;05;50.02
2017;10;20;06;50.02
2017;10;20;07;50.00
2017;10;20;08;155.20
2017;10;20;09;340.51
2017;10;20;10;612.61
2017;10;20;11;772.98
2017;10;20;12;852.60
2017;10;20;13;899.72
2017;10;20;14;929.98
2017;10;20;15;944.54
2017;10;20;16;935.75
2017;10;20;17;892.00
2017;10;20;18;50.00
2017;10;20;19;50.02
2017;10;20;20;50.02
2017;10;20;21;50.02
2017;10;20;22;50.00
2017;10;20;23;50.00
2017;10;21;00;50.00
2017;10;21;01;50.00
2017;10;21;02;50.00
2017;10;21;03;50.00
2017;10;21;04;50.00
2017;10;21;05;50.00
2017;10;21;06;50.00
2017;10;21;07;50.00
2017;10;21;08;180.66
2017;10;21;09;534.91
2017;10;21;10;931.27
2017;10;21;11;1011.66
2017;10;21;12;1044.60
2017;10;21;13;1074.75
2017;10;21;14;1089.01
2017;10;21;15;1099.21
2017;10;21;16;1087.18
2017;10;21;17;1022.88
2017;10;21;18;50.00
2017;10;21;19;51.99
2017;10;21;20;51.99
2017;10;21;21;51.99
2017;10;21;22;50.00
2017;10;21;23;50.00
2017;10;22;00;50.00
2017;10;22;01;59.84
2017;10;22;02;59.84
2017;10;22;03;59.84
2017;10;22;04;91.66
2017;10;22;05;91.66
2017;10;22;06;91.66
2017;10;22;07;203.04
2017;10;22;08;435.32
2017;10;22;09;459.05
2017;10;22;10;555.39
2017;10;22;11;698.68
2017;10;22;12;805.45
2017;10;22;13;887.27
2017;10;22;14;932.80
2017;10;22;15;976.08
2017;10;22;16;976.06
2017;10;22;17;874.08
2017;10;22;18;58.73
2017;10;22;19;300.64
2017;10;22;20;300.64
2017;10;22;21;300.64
2017;10;22;22;299.68
2017;10;22;23;299.68
2017;10;23;00;299.68
2017;10;23;01;282.25
2017;10;23;02;282.25
2017;10;23;03;282.25
2017;10;23;04;408.38
2017;10;23;05;408.38
2017;10;23;06;408.38
2017;10;23;07;244.00
2017;10;23;08;346.59
2017;10;23;09;392.99
2017;10;23;10;510.78
2017;10;23;11;679.21
2017;10;23;12;936.23
2017;10;23;13;1280.90
2017;10;23;14;1525.44
2017;10;23;15;1596.81
2017;10;23;16;1546.53
2017;10;23;17;168.38
2017;10;23;18;168.51
2017;10;23;19;280.45
2017;10;23;20;280.45
2017;10;23;21;280.45
2017;10;23;22;271.58
2017;10;23;23;271.58
2017;10;24;00;271.58
2017;10;24;01;288.87
2017;10;24;02;288.87
2017;10;24;03;288.87
2017;10;24;04;216.20
2017;10;24;05;216.20
2017;10;24;06;216.20
2017;10;24;07;163.83
2017;10;24;08;270.18
2017;10;24;09;306.71
2017;10;24;10;325.04
2017;10;24;11;448.40
2017;10;24;12;569.53
2017;10;24;13;688.15
2017;10;24;14;780.32
2017;10;24;15;825.76
2017;10;24;16;831.90
2017;10;24;17;50.00
2017;10;24;18;50.00
2017;10;24;19;54.19
2017;10;24;20;54.19
2017;10;24;21;54.19
2017;10;24;22;60.14
2017;10;24;23;60.14
2017;10;25;00;60.14
2017;10;25;01;105.80
2017;10;25;02;105.80
2017;10;25;03;105.80
2017;10;25;04;70.42
2017;10;25;05;70.42
2017;10;25;06;70.42
2017;10;25;07;50.79
2017;10;25;08;169.03
2017;10;25;09;225.45
2017;10;25;10;370.88
2017;10;25;11;534.75
2017;10;25;12;649.14
2017;10;25;13;731.83
2017;10;25;14;782.77
2017;10;25;15;812.89
2017;10;25;16;809.77
2017;10;25;17;50.04
2017;10;25;18;50.04
2017;10;25;19;50.13
2017;10;25;20;50.13
2017;10;25;21;50.13
2017;10;25;22;50.00
2017;10;25;23;50.00
2017;10;26;00;50.00
2017;10;26;01;50.00
2017;10;26;02;50.00
2017;10;26;03;50.00
2017;10;26;04;50.00
2017;10;26;05;50.00
2017;10;26;06;50.00
2017;10;26;07;50.00
2017;10;26;08;92.38
2017;10;26;09;167.76
2017;10;26;10;310.29
2017;10;26;11;434.25
2017;10;26;12;537.24
2017;10;26;13;624.58
2017;10;26;14;688.15
2017;10;26;15;721.21
2017;10;26;16;717.54
2017;10;26;17;50.00
2017;10;26;18;50.00
2017;10;26;19;50.06
2017;10;26;20;50.06
2017;10;26;21;50.06
2017;10;26;22;50.00
2017;10;26;23;50.00
2017;10;27;00;50.00
2017;10;27;01;50.01
2017;10;27;02;50.01
2017;10;27;03;50.01
2017;10;27;04;50.00
2017;10;27;05;50.00
2017;10;27;06;50.00
2017;10;27;07;50.00
2017;10;27;08;55.38
2017;10;27;09;205.45
2017;10;27;10;355.17
2017;10;27;11;491.99
2017;10;27;12;588.60
2017;10;27;13;659.47
2017;10;27;14;702.27
2017;10;27;15;719.40
2017;10;27;16;712.89
2017;10;27;17;81.11
2017;10;27;18;81.11
2017;10;27;19;428.75
2017;10;27;20;428.75
2017;10;27;21;428.75
2017;10;27;22;635.96
2017;10;27;23;635.96
2017;10;28;00;635.96
2017;10;28;01;286.91
2017;10;28;02;286.91
2017;10;28;03;286.91
2017;10;28;04;54.21
2017;10;28;05;54.21
2017;10;28;06;54.21
2017;10;28;07;50.04
2017;10;28;08;50.04
2017;10;28;09;165.76
2017;10;28;10;325.88
2017;10;28;11;458.88
2017;10;28;12;569.53
2017;10;28;13;665.41
2017;10;28;14;733.39
2017;10;28;15;775.71
2017;10;28;16;774.13
2017;10;28;17;50.03
2017;10;28;18;50.03
2017;10;28;19;126.53
2017;10;28;20;126.53
2017;10;28;21;126.53
2017;10;28;22;50.18
2017;10;28;23;50.18
2017;10;29;00;50.18
2017;10;29;01;51.93
2017;10;29;02;51.93
2017;10;29;03;51.93
2017;10;29;04;50.00
2017;10;29;05;50.00
2017;10;29;06;50.00
2017;10;29;07;50.13
2017;10;29;08;50.13
2017;10;29;09;223.79
2017;10;29;10;352.19
2017;10;29;11;443.03
2017;10;29;12;514.57
2017;10;29;13;572.59
2017;10;29;14;615.71
2017;10;29;15;645.86
2017;10;29;16;642.02
2017;10;29;17;169.02
2017;10;29;18;169.13
2017;10;29;19;133.70
2017;10;29;20;133.70
2017;10;29;21;133.70
2017;10;29;22;82.03
2017;10;29;23;82.03
2017;10;30;00;82.03
2017;10;30;01;66.71
2017;10;30;02;66.71
2017;10;30;03;66.71
2017;10;30;04;50.21
2017;10;30;05;50.21
2017;10;30;06;50.21
2017;10;30;07;60.87
2017;10;30;08;60.87
2017;10;30;09;225.08
2017;10;30;10;363.94
2017;10;30;11;571.47
2017;10;30;12;771.40
2017;10;30;13;916.34
2017;10;30;14;1114.70
2017;10;30;15;1273.70
2017;10;30;16;1272.53
2017;10;30;17;131.08
2017;10;30;18;130.02
2017;10;30;19;59.56
2017;10;30;20;59.56
2017;10;30;21;59.56
2017;10;30;22;61.88
2017;10;30;23;61.88
2017;10;31;00;61.88
2017;10;31;01;199.00
2017;10;31;02;199.00
2017;10;31;03;199.00
2017;10;31;04;221.98
2017;10;31;05;221.98
2017;10;31;06;221.98
2017;10;31;07;78.57
2017;10;31;08;78.57
2017;10;31;09;304.52
2017;10;31;10;553.23
2017;10;31;11;864.74
2017;10;31;12;1033.80
2017;10;31;13;1169.47
2017;10;31;14;1252.18
2017;10;31;15;1330.98
2017;10;31;16;1335.60
2017;10;31;17;50.08
2017;10;31;18;50.15
2017;10;31;19;51.62
2017;10;31;20;51.62
2017;10;31;21;51.62
2017;10;31;22;50.96
2017;10;31;23;50.96
2017;11;01;00;50.96
2017;11;01;01;-999
2017;11;01;02;-999
2017;11;01;03;-999
2017;11;01;04;-999
2017;11;01;05;-999
2017;11;01;06;-999
2017;11;01;07;-999
2017;11;01;08;-999
2017;11;01;09;-999
2017;11;01;10;-999
2017;11;01;11;-999
2017;11;01;12;-999
2017;11;01;13;-999
2017;11;01;14;-999
2017;11;01;15;-999
2017;11;01;16;-999
2017;11;01;17;-999
2017;11;01;18;-999
2017;11;01;19;-999
2017;11;01;20;-999
2017;11;01;21;-999
2017;11;01;22;-999
2017;11;01;23;-999
2017;11;02;00;-999
2017;11;02;01;50.10
2017;11;02;02;50.10
2017;11;02;03;50.10
2017;11;02;04;50.73
2017;11;02;05;50.73
2017;11;02;06;50.73
2017;11;02;07;50.00
2017;11;02;08;50.00
2017;11;02;09;180.88
2017;11;02;10;387.54
2017;11;02;11;614.33
2017;11;02;12;776.40
2017;11;02;13;849.81
2017;11;02;14;871.12
2017;11;02;15;883.29
2017;11;02;16;864.07
2017;11;02;17;50.17
2017;11;02;18;50.17
2017;11;02;19;75.33
2017;11;02;20;75.33
2017;11;02;21;75.33
2017;11;02;22;50.02
2017;11;02;23;50.02
2017;11;03;00;50.02
2017;11;03;01;51.26
2017;11;03;02;51.26
2017;11;03;03;51.26
2017;11;03;04;50.19
2017;11;03;05;50.19
2017;11;03;06;50.19
2017;11;03;07;51.34
2017;11;03;08;51.34
2017;11;03;09;189.77
2017;11;03;10;369.97
2017;11;03;11;529.38
2017;11;03;12;656.10
2017;11;03;13;757.67
2017;11;03;14;819.64
2017;11;03;15;843.78
2017;11;03;16;825.38
2017;11;03;17;50.00
2017;11;03;18;50.00
2017;11;03;19;59.65
2017;11;03;20;59.65
2017;11;03;21;59.65
2017;11;03;22;61.61
2017;11;03;23;61.61
2017;11;04;00;61.61
2017;11;04;01;53.68
2017;11;04;02;53.68
2017;11;04;03;53.68
2017;11;04;04;60.84
2017;11;04;05;60.84
2017;11;04;06;60.84
2017;11;04;07;50.49
2017;11;04;08;50.49
2017;11;04;09;260.21
2017;11;04;10;502.72
2017;11;04;11;741.43
2017;11;04;12;912.94
2017;11;04;13;1022.05
2017;11;04;14;1088.92
2017;11;04;15;1107.96
2017;11;04;16;1076.27
2017;11;04;17;50.00
2017;11;04;18;50.00
2017;11;04;19;50.00
2017;11;04;20;50.00
2017;11;04;21;50.00
2017;11;04;22;50.00
2017;11;04;23;50.00
2017;11;05;00;50.00
2017;11;05;01;50.90
2017;11;05;02;50.90
2017;11;05;03;50.90
2017;11;05;04;77.57
2017;11;05;05;77.57
2017;11;05;06;77.57
2017;11;05;07;168.98
2017;11;05;08;168.98
2017;11;05;09;402.75
2017;11;05;10;704.03
2017;11;05;11;668.17
2017;11;05;12;728.02
2017;11;05;13;760.97
2017;11;05;14;825.75
2017;11;05;15;845.18
2017;11;05;16;900.12
2017;11;05;17;772.86
2017;11;05;18;773.22
2017;11;05;19;1558.25
2017;11;05;20;1558.25
2017;11;05;21;1558.25
2017;11;05;22;1587.39
2017;11;05;23;1587.39
2017;11;06;00;1587.39
2017;11;06;01;612.04
2017;11;06;02;612.04
2017;11;06;03;612.04
2017;11;06;04;91.13
2017;11;06;05;91.13
2017;11;06;06;91.13
2017;11;06;07;137.89
2017;11;06;08;137.89
2017;11;06;09;339.51
2017;11;06;10;391.58
2017;11;06;11;580.44
2017;11;06;12;858.66
2017;11;06;13;1084.40
2017;11;06;14;1201.82
2017;11;06;15;1241.39
2017;11;06;16;1194.64
2017;11;06;17;63.16
2017;11;06;18;63.17
2017;11;06;19;50.12
2017;11;06;20;50.12
2017;11;06;21;50.12
2017;11;06;22;111.71
2017;11;06;23;111.71
2017;11;07;00;111.71
2017;11;07;01;390.20
2017;11;07;02;390.20
2017;11;07;03;390.20
2017;11;07;04;193.39
2017;11;07;05;193.39
2017;11;07;06;193.39
2017;11;07;07;328.20
2017;11;07;08;328.20
2017;11;07;09;489.74
2017;11;07;10;513.16
2017;11;07;11;587.63
2017;11;07;12;703.92
2017;11;07;13;815.77
2017;11;07;14;896.22
2017;11;07;15;945.19
2017;11;07;16;936.71
2017;11;07;17;603.71
2017;11;07;18;603.76
2017;11;07;19;463.70
2017;11;07;20;463.70
2017;11;07;21;463.70
2017;11;07;22;186.85
2017;11;07;23;186.85
2017;11;08;00;186.85
2017;11;08;01;89.26
2017;11;08;02;89.26
2017;11;08;03;89.26
2017;11;08;04;58.43
2017;11;08;05;58.43
2017;11;08;06;58.43
2017;11;08;07;83.18
2017;11;08;08;83.18
2017;11;08;09;267.97
2017;11;08;10;362.47
2017;11;08;11;563.62
2017;11;08;12;824.12
2017;11;08;13;1018.83
2017;11;08;14;1110.09
2017;11;08;15;1138.44
2017;11;08;16;1107.66
2017;11;08;17;56.14
2017;11;08;18;56.13
2017;11;08;19;51.05
2017;11;08;20;51.05
2017;11;08;21;51.05
2017;11;08;22;55.24
2017;11;08;23;55.24
2017;11;09;00;55.24
2017;11;09;01;123.22
2017;11;09;02;123.22
2017;11;09;03;123.22
2017;11;09;04;173.63
2017;11;09;05;173.63
2017;11;09;06;173.63
2017;11;09;07;63.22
2017;11;09;08;63.22
2017;11;09;09;287.08
2017;11;09;10;488.61
2017;11;09;11;694.97
2017;11;09;12;877.82
2017;11;09;13;1035.89
2017;11;09;14;1129.46
2017;11;09;15;1146.96
2017;11;09;16;1110.64
2017;11;09;17;109.10
2017;11;09;18;109.10
2017;11;09;19;66.28
2017;11;09;20;66.28
2017;11;09;21;66.28
2017;11;09;22;66.28
2017;11;09;23;66.28
2017;11;10;00;66.28
2017;11;10;01;60.48
2017;11;10;02;60.48
2017;11;10;03;60.48
2017;11;10;04;54.08
2017;11;10;05;54.08
2017;11;10;06;54.08
2017;11;10;07;102.43
2017;11;10;08;102.43
2017;11;10;09;260.37
2017;11;10;10;357.03
2017;11;10;11;567.43
2017;11;10;12;815.91
2017;11;10;13;1052.70
2017;11;10;14;1156.34
2017;11;10;15;1163.79
2017;11;10;16;1113.01
2017;11;10;17;50.09
2017;11;10;18;50.09
2017;11;10;19;50.00
2017;11;10;20;50.00
2017;11;10;21;50.00
2017;11;10;22;55.19
2017;11;10;23;55.19
2017;11;11;00;55.19
2017;11;11;01;67.50
2017;11;11;02;67.50
2017;11;11;03;67.50
2017;11;11;04;56.30
2017;11;11;05;56.30
2017;11;11;06;56.30
2017;11;11;07;51.64
2017;11;11;08;51.64
2017;11;11;09;160.49
2017;11;11;10;319.69
2017;11;11;11;471.26
2017;11;11;12;653.23
2017;11;11;13;763.46
2017;11;11;14;806.28
2017;11;11;15;813.51
2017;11;11;16;787.15
2017;11;11;17;50.00
2017;11;11;18;50.00
2017;11;11;19;50.05
2017;11;11;20;50.05
2017;11;11;21;50.05
2017;11;11;22;50.00
2017;11;11;23;50.00
2017;11;12;00;50.00
2017;11;12;01;50.12
2017;11;12;02;50.12
2017;11;12;03;50.12
2017;11;12;04;50.00
2017;11;12;05;50.00
2017;11;12;06;50.00
2017;11;12;07;50.00
2017;11;12;08;50.00
2017;11;12;09;223.20
2017;11;12;10;384.75
2017;11;12;11;527.68
2017;11;12;12;629.61
2017;11;12;13;694.04
2017;11;12;14;725.89
2017;11;12;15;743.01
2017;11;12;16;721.21
2017;11;12;17;50.00
2017;11;12;18;50.00
2017;11;12;19;50.02
2017;11;12;20;50.02
2017;11;12;21;50.02
2017;11;12;22;82.93
2017;11;12;23;82.93
2017;11;13;00;82.93
2017;11;13;01;87.62
2017;11;13;02;87.62
2017;11;13;03;87.62
2017;11;13;04;311.07
2017;11;13;05;311.07
2017;11;13;06;311.07
2017;11;13;07;397.37
2017;11;13;08;397.37
2017;11;13;09;692.06
2017;11;13;10;501.07
2017;11;13;11;722.65
2017;11;13;12;961.88
2017;11;13;13;1147.67
2017;11;13;14;1249.94
2017;11;13;15;1257.31
2017;11;13;16;1200.89
2017;11;13;17;122.41
2017;11;13;18;122.42
2017;11;13;19;181.56
2017;11;13;20;181.56
2017;11;13;21;181.56
2017;11;13;22;58.06
2017;11;13;23;58.06
2017;11;14;00;58.06
2017;11;14;01;102.13
2017;11;14;02;102.13
2017;11;14;03;102.13
2017;11;14;04;56.70
2017;11;14;05;56.70
2017;11;14;06;56.70
2017;11;14;07;55.92
2017;11;14;08;55.92
2017;11;14;09;218.28
2017;11;14;10;337.93
2017;11;14;11;477.34
2017;11;14;12;612.61
2017;11;14;13;733.49
2017;11;14;14;809.95
2017;11;14;15;835.30
2017;11;14;16;796.34
2017;11;14;17;50.00
2017;11;14;18;50.00
2017;11;14;19;126.58
2017;11;14;20;126.58
2017;11;14;21;126.58
2017;11;14;22;55.25
2017;11;14;23;55.25
2017;11;15;00;55.25
2017;11;15;01;101.49
2017;11;15;02;101.49
2017;11;15;03;101.49
2017;11;15;04;71.50
2017;11;15;05;71.50
2017;11;15;06;71.50
2017;11;15;07;50.54
2017;11;15;08;50.54
2017;11;15;09;165.34
2017;11;15;10;237.36
2017;11;15;11;370.52
2017;11;15;12;492.42
2017;11;15;13;598.41
2017;11;15;14;676.83
2017;11;15;15;724.56
2017;11;15;16;690.27
2017;11;15;17;50.02
2017;11;15;18;50.02
2017;11;15;19;50.34
2017;11;15;20;50.34
2017;11;15;21;50.34
2017;11;15;22;50.00
2017;11;15;23;50.00
2017;11;16;00;50.00
2017;11;16;01;52.81
2017;11;16;02;52.81
2017;11;16;03;52.81
2017;11;16;04;50.78
2017;11;16;05;50.78
2017;11;16;06;50.78
2017;11;16;07;50.36
2017;11;16;08;50.36
2017;11;16;09;119.87
2017;11;16;10;269.95
2017;11;16;11;392.62
2017;11;16;12;499.84
2017;11;16;13;602.26
2017;11;16;14;685.40
2017;11;16;15;712.22
2017;11;16;16;666.77
2017;11;16;17;50.00
2017;11;16;18;50.00
2017;11;16;19;57.32
2017;11;16;20;57.32
2017;11;16;21;57.32
2017;11;16;22;62.77
2017;11;16;23;62.77
2017;11;17;00;62.77
2017;11;17;01;52.85
2017;11;17;02;52.85
2017;11;17;03;52.85
2017;11;17;04;50.00
2017;11;17;05;50.00
2017;11;17;06;50.00
2017;11;17;07;50.00
2017;11;17;08;50.00
2017;11;17;09;122.91
2017;11;17;10;272.28
2017;11;17;11;411.25
2017;11;17;12;538.24
2017;11;17;13;659.09
2017;11;17;14;753.65
2017;11;17;15;790.12
2017;11;17;16;751.54
2017;11;17;17;50.00
2017;11;17;18;50.00
2017;11;17;19;53.84
2017;11;17;20;53.84
2017;11;17;21;53.84
2017;11;17;22;50.00
2017;11;17;23;50.00
2017;11;18;00;50.00
2017;11;18;01;50.21
2017;11;18;02;50.21
2017;11;18;03;50.21
2017;11;18;04;54.58
2017;11;18;05;54.58
2017;11;18;06;54.58
2017;11;18;07;51.28
2017;11;18;08;51.28
2017;11;18;09;148.63
2017;11;18;10;300.50
2017;11;18;11;438.69
2017;11;18;12;569.49
2017;11;18;13;702.82
2017;11;18;14;793.42
2017;11;18;15;812.89
2017;11;18;16;760.06
2017;11;18;17;50.00
2017;11;18;18;50.00
2017;11;18;19;50.58
2017;11;18;20;50.58
2017;11;18;21;50.58
2017;11;18;22;51.84
2017;11;18;23;51.84
2017;11;19;00;51.84
2017;11;19;01;60.58
2017;11;19;02;60.58
2017;11;19;03;60.58
2017;11;19;04;56.03
2017;11;19;05;56.03
2017;11;19;06;56.03
2017;11;19;07;50.00
2017;11;19;08;50.00
2017;11;19;09;127.58
2017;11;19;10;264.48
2017;11;19;11;401.05
2017;11;19;12;518.91
2017;11;19;13;612.83
2017;11;19;14;667.42
2017;11;19;15;667.16
2017;11;19;16;630.40
2017;11;19;17;56.48
2017;11;19;18;56.50
2017;11;19;19;108.68
2017;11;19;20;108.68
2017;11;19;21;108.68
2017;11;19;22;97.27
2017;11;19;23;97.27
2017;11;20;00;97.27
2017;11;20;01;88.45
2017;11;20;02;88.45
2017;11;20;03;88.45
2017;11;20;04;78.60
2017;11;20;05;78.60
2017;11;20;06;78.60
2017;11;20;07;56.89
2017;11;20;08;56.89
2017;11;20;09;123.03
2017;11;20;10;212.09
2017;11;20;11;330.82
2017;11;20;12;430.35
2017;11;20;13;509.21
2017;11;20;14;559.13
2017;11;20;15;588.74
2017;11;20;16;551.58
2017;11;20;17;50.00
2017;11;20;18;50.00
2017;11;20;19;50.00
2017;11;20;20;50.00
2017;11;20;21;50.00
2017;11;20;22;50.00
2017;11;20;23;50.00
2017;11;21;00;50.00
2017;11;21;01;53.37
2017;11;21;02;53.37
2017;11;21;03;53.37
2017;11;21;04;51.23
2017;11;21;05;51.23
2017;11;21;06;51.23
2017;11;21;07;51.08
2017;11;21;08;51.08
2017;11;21;09;115.38
2017;11;21;10;224.46
2017;11;21;11;349.30
2017;11;21;12;454.94
2017;11;21;13;534.42
2017;11;21;14;581.84
2017;11;21;15;590.55
2017;11;21;16;559.96
2017;11;21;17;50.02
2017;11;21;18;50.02
2017;11;21;19;50.00
2017;11;21;20;50.00
2017;11;21;21;50.00
2017;11;21;22;50.00
2017;11;21;23;50.00
2017;11;22;00;50.00
2017;11;22;01;50.00
2017;11;22;02;50.00
2017;11;22;03;50.00
2017;11;22;04;50.00
2017;11;22;05;50.00
2017;11;22;06;50.00
2017;11;22;07;50.00
2017;11;22;08;50.00
2017;11;22;09;86.25
2017;11;22;10;248.19
2017;11;22;11;435.01
2017;11;22;12;591.95
2017;11;22;13;693.80
2017;11;22;14;737.45
2017;11;22;15;736.38
2017;11;22;16;693.89
2017;11;22;17;50.00
2017;11;22;18;50.00
2017;11;22;19;50.02
2017;11;22;20;50.02
2017;11;22;21;50.02
2017;11;22;22;50.00
2017;11;22;23;50.00
2017;11;23;00;50.00
2017;11;23;01;50.00
2017;11;23;02;50.00
2017;11;23;03;50.00
2017;11;23;04;57.54
2017;11;23;05;57.54
2017;11;23;06;57.54
2017;11;23;07;50.19
2017;11;23;08;50.19
2017;11;23;09;172.79
2017;11;23;10;273.40
2017;11;23;11;446.87
2017;11;23;12;599.05
2017;11;23;13;708.99
2017;11;23;14;766.02
2017;11;23;15;772.52
2017;11;23;16;732.55
2017;11;23;17;50.00
2017;11;23;18;50.00
2017;11;23;19;50.72
2017;11;23;20;50.72
2017;11;23;21;50.72
2017;11;23;22;52.42
2017;11;23;23;52.42
2017;11;24;00;52.42
2017;11;24;01;53.99
2017;11;24;02;53.99
2017;11;24;03;53.99
2017;11;24;04;54.02
2017;11;24;05;54.02
2017;11;24;06;54.02
2017;11;24;07;52.49
2017;11;24;08;52.49
2017;11;24;09;146.90
2017;11;24;10;208.89
2017;11;24;11;359.53
2017;11;24;12;488.33
2017;11;24;13;586.13
2017;11;24;14;644.74
2017;11;24;15;651.06
2017;11;24;16;609.94
2017;11;24;17;50.00
2017;11;24;18;50.00
2017;11;24;19;50.00
2017;11;24;20;50.00
2017;11;24;21;50.00
2017;11;24;22;50.00
2017;11;24;23;50.00
2017;11;25;00;50.00
2017;11;25;01;50.62
2017;11;25;02;50.62
2017;11;25;03;50.62
2017;11;25;04;50.00
2017;11;25;05;50.00
2017;11;25;06;50.00
2017;11;25;07;50.00
2017;11;25;08;50.00
2017;11;25;09;126.60
2017;11;25;10;321.66
2017;11;25;11;448.20
2017;11;25;12;537.53
2017;11;25;13;598.34
2017;11;25;14;632.53
2017;11;25;15;643.53
2017;11;25;16;604.16
2017;11;25;17;125.69
2017;11;25;18;125.70
2017;11;25;19;70.74
2017;11;25;20;70.74
2017;11;25;21;70.74
2017;11;25;22;51.58
2017;11;25;23;51.58
2017;11;26;00;51.58
2017;11;26;01;68.73
2017;11;26;02;68.73
2017;11;26;03;68.73
2017;11;26;04;251.69
2017;11;26;05;251.69
2017;11;26;06;251.69
2017;11;26;07;104.65
2017;11;26;08;104.65
2017;11;26;09;244.00
2017;11;26;10;496.25
2017;11;26;11;518.49
2017;11;26;12;597.35
2017;11;26;13;678.55
2017;11;26;14;794.10
2017;11;26;15;817.39
2017;11;26;16;756.34
2017;11;26;17;59.55
2017;11;26;18;61.02
2017;11;26;19;80.78
2017;11;26;20;80.78
2017;11;26;21;80.78
2017;11;26;22;107.62
2017;11;26;23;107.62
2017;11;27;00;107.62
2017;11;27;01;162.33
2017;11;27;02;162.33
2017;11;27;03;162.33
2017;11;27;04;77.25
2017;11;27;05;77.25
2017;11;27;06;77.25
2017;11;27;07;51.07
2017;11;27;08;51.07
2017;11;27;09;84.59
2017;11;27;10;186.15
2017;11;27;11;327.83
2017;11;27;12;449.02
2017;11;27;13;541.18
2017;11;27;14;599.66
2017;11;27;15;620.67
2017;11;27;16;564.50
2017;11;27;17;50.00
2017;11;27;18;50.00
2017;11;27;19;50.02
2017;11;27;20;50.02
2017;11;27;21;50.02
2017;11;27;22;50.01
2017;11;27;23;50.01
2017;11;28;00;50.01
2017;11;28;01;54.40
2017;11;28;02;54.40
2017;11;28;03;54.40
2017;11;28;04;52.75
2017;11;28;05;52.75
2017;11;28;06;52.75
2017;11;28;07;50.11
2017;11;28;08;50.11
2017;11;28;09;91.02
2017;11;28;10;205.65
2017;11;28;11;362.02
2017;11;28;12;496.63
2017;11;28;13;601.34
2017;11;28;14;663.87
2017;11;28;15;674.78
2017;11;28;16;622.97
2017;11;28;17;50.00
2017;11;28;18;50.00
2017;11;28;19;50.01
2017;11;28;20;50.01
2017;11;28;21;50.01
2017;11;28;22;54.06
2017;11;28;23;54.06
2017;11;29;00;54.06
2017;11;29;01;58.02
2017;11;29;02;58.02
2017;11;29;03;58.02
2017;11;29;04;51.09
2017;11;29;05;51.09
2017;11;29;06;51.09
2017;11;29;07;86.50
2017;11;29;08;86.50
2017;11;29;09;291.20
2017;11;29;10;279.30
2017;11;29;11;430.69
2017;11;29;12;566.12
2017;11;29;13;664.96
2017;11;29;14;717.71
2017;11;29;15;723.94
2017;11;29;16;673.40
2017;11;29;17;50.00
2017;11;29;18;50.00
2017;11;29;19;51.62
2017;11;29;20;51.62
2017;11;29;21;51.62
2017;11;29;22;54.44
2017;11;29;23;54.44
2017;11;30;00;54.44
2017;11;30;01;50.00
2017;11;30;02;50.00
2017;11;30;03;50.00
2017;11;30;04;50.01
2017;11;30;05;50.01
2017;11;30;06;50.01
2017;11;30;07;65.33
2017;11;30;08;65.33
2017;11;30;09;238.05
2017;11;30;10;333.95
2017;11;30;11;543.62
2017;11;30;12;772.38
2017;11;30;13;971.41
2017;11;30;14;1083.81
2017;11;30;15;1126.08
2017;11;30;16;1009.08
2017;11;30;17;50.22
2017;11;30;18;50.23
2017;11;30;19;50.05
2017;11;30;20;50.05
2017;11;30;21;50.05
2017;11;30;22;50.89
2017;11;30;23;50.89
2017;12;01;00;50.89
2017;12;01;01;-999
2017;12;01;02;-999
2017;12;01;03;-999
2017;12;01;04;-999
2017;12;01;05;-999
2017;12;01;06;-999
2017;12;01;07;-999
2017;12;01;08;-999
2017;12;01;09;-999
2017;12;01;10;-999
2017;12;01;11;-999
2017;12;01;12;-999
2017;12;01;13;-999
2017;12;01;14;-999
2017;12;01;15;-999
2017;12;01;16;-999
2017;12;01;17;-999
2017;12;01;18;-999
2017;12;01;19;-999
2017;12;01;20;-999
2017;12;01;21;-999
2017;12;01;22;-999
2017;12;01;23;-999
2017;12;02;00;-999
2017;12;02;01;325.35
2017;12;02;02;325.35
2017;12;02;03;325.35
2017;12;02;04;335.08
2017;12;02;05;335.08
2017;12;02;06;335.08
2017;12;02;07;289.55
2017;12;02;08;289.55
2017;12;02;09;296.03
2017;12;02;10;308.80
2017;12;02;11;382.17
2017;12;02;12;468.67
2017;12;02;13;646.84
2017;12;02;14;693.14
2017;12;02;15;705.36
2017;12;02;16;617.35
2017;12;02;17;64.97
2017;12;02;18;64.96
2017;12;02;19;80.96
2017;12;02;20;80.96
2017;12;02;21;80.96
2017;12;02;22;50.35
2017;12;02;23;50.35
2017;12;03;00;50.35
2017;12;03;01;243.24
2017;12;03;02;243.24
2017;12;03;03;243.24
2017;12;03;04;50.47
2017;12;03;05;50.47
2017;12;03;06;50.47
2017;12;03;07;50.00
2017;12;03;08;50.00
2017;12;03;09;50.00
2017;12;03;10;196.05
2017;12;03;11;337.45
2017;12;03;12;466.79
2017;12;03;13;569.91
2017;12;03;14;641.35
2017;12;03;15;666.23
2017;12;03;16;595.40
2017;12;03;17;50.06
2017;12;03;18;50.05
2017;12;03;19;50.00
2017;12;03;20;50.00
2017;12;03;21;50.00
2017;12;03;22;50.43
2017;12;03;23;50.43
2017;12;04;00;50.43
2017;12;04;01;57.43
2017;12;04;02;57.43
2017;12;04;03;57.43
2017;12;04;04;50.05
2017;12;04;05;50.05
2017;12;04;06;50.05
2017;12;04;07;50.03
2017;12;04;08;50.03
2017;12;04;09;50.03
2017;12;04;10;157.86
2017;12;04;11;298.48
2017;12;04;12;416.62
2017;12;04;13;498.12
2017;12;04;14;539.94
2017;12;04;15;540.16
2017;12;04;16;493.40
2017;12;04;17;50.00
2017;12;04;18;50.00
2017;12;04;19;50.00
2017;12;04;20;50.00
2017;12;04;21;50.00
2017;12;04;22;50.03
2017;12;04;23;50.03
2017;12;05;00;50.03
2017;12;05;01;50.08
2017;12;05;02;50.08
2017;12;05;03;50.08
2017;12;05;04;50.37
2017;12;05;05;50.37
2017;12;05;06;50.37
2017;12;05;07;50.23
2017;12;05;08;50.23
2017;12;05;09;50.23
2017;12;05;10;128.05
2017;12;05;11;231.91
2017;12;05;12;330.73
2017;12;05;13;407.96
2017;12;05;14;450.85
2017;12;05;15;457.74
2017;12;05;16;411.36
2017;12;05;17;50.00
2017;12;05;18;50.00
2017;12;05;19;50.00
2017;12;05;20;50.00
2017;12;05;21;50.00
2017;12;05;22;50.00
2017;12;05;23;50.00
2017;12;06;00;50.00
2017;12;06;01;50.00
2017;12;06;02;50.00
2017;12;06;03;50.00
2017;12;06;04;50.00
2017;12;06;05;50.00
2017;12;06;06;50.00
2017;12;06;07;50.00
2017;12;06;08;50.00
2017;12;06;09;50.00
2017;12;06;10;135.86
2017;12;06;11;240.09
2017;12;06;12;333.69
2017;12;06;13;403.55
2017;12;06;14;442.77
2017;12;06;15;450.41
2017;12;06;16;402.75
2017;12;06;17;50.00
2017;12;06;18;50.00
2017;12;06;19;50.00
2017;12;06;20;50.00
2017;12;06;21;50.00
2017;12;06;22;50.00
2017;12;06;23;50.00
2017;12;07;00;50.00
2017;12;07;01;50.00
2017;12;07;02;50.00
2017;12;07;03;50.00
2017;12;07;04;50.15
2017;12;07;05;50.15
2017;12;07;06;50.15
2017;12;07;07;50.02
2017;12;07;08;50.02
2017;12;07;09;50.02
2017;12;07;10;145.45
2017;12;07;11;306.84
2017;12;07;12;496.51
2017;12;07;13;597.14
2017;12;07;14;629.13
2017;12;07;15;622.46
2017;12;07;16;590.91
2017;12;07;17;50.00
2017;12;07;18;50.00
2017;12;07;19;50.00
2017;12;07;20;50.00
2017;12;07;21;50.00
2017;12;07;22;50.18
2017;12;07;23;50.18
2017;12;08;00;50.18
2017;12;08;01;50.00
2017;12;08;02;50.00
2017;12;08;03;50.00
2017;12;08;04;50.29
2017;12;08;05;50.29
2017;12;08;06;50.29
2017;12;08;07;50.51
2017;12;08;08;50.51
2017;12;08;09;50.51
2017;12;08;10;169.70
2017;12;08;11;305.50
2017;12;08;12;414.69
2017;12;08;13;492.78
2017;12;08;14;534.49
2017;12;08;15;539.53
2017;12;08;16;494.23
2017;12;08;17;50.02
2017;12;08;18;50.02
2017;12;08;19;50.00
2017;12;08;20;50.00
2017;12;08;21;50.00
2017;12;08;22;51.74
2017;12;08;23;51.74
2017;12;09;00;51.74
2017;12;09;01;50.92
2017;12;09;02;50.92
2017;12;09;03;50.92
2017;12;09;04;51.05
2017;12;09;05;51.05
2017;12;09;06;51.05
2017;12;09;07;56.10
2017;12;09;08;56.10
2017;12;09;09;56.10
2017;12;09;10;358.22
2017;12;09;11;402.72
2017;12;09;12;563.85
2017;12;09;13;805.94
2017;12;09;14;975.05
2017;12;09;15;996.41
2017;12;09;16;736.51
2017;12;09;17;107.83
2017;12;09;18;107.70
2017;12;09;19;106.48
2017;12;09;20;106.48
2017;12;09;21;106.48
2017;12;09;22;56.58
2017;12;09;23;56.58
2017;12;10;00;56.58
2017;12;10;01;72.59
2017;12;10;02;72.59
2017;12;10;03;72.59
2017;12;10;04;59.79
2017;12;10;05;59.79
2017;12;10;06;59.79
2017;12;10;07;50.24
2017;12;10;08;50.24
2017;12;10;09;50.24
2017;12;10;10;182.16
2017;12;10;11;312.83
2017;12;10;12;412.19
2017;12;10;13;480.89
2017;12;10;14;506.26
2017;12;10;15;531.81
2017;12;10;16;473.61
2017;12;10;17;99.38
2017;12;10;18;99.34
2017;12;10;19;130.26
2017;12;10;20;130.26
2017;12;10;21;130.26
2017;12;10;22;63.49
2017;12;10;23;63.49
2017;12;11;00;63.49
2017;12;11;01;50.54
2017;12;11;02;50.54
2017;12;11;03;50.54
2017;12;11;04;50.59
2017;12;11;05;50.59
2017;12;11;06;50.59
2017;12;11;07;63.04
2017;12;11;08;63.04
2017;12;11;09;63.04
2017;12;11;10;191.91
2017;12;11;11;284.26
2017;12;11;12;371.75
2017;12;11;13;458.98
2017;12;11;14;498.86
2017;12;11;15;504.94
2017;12;11;16;459.58
2017;12;11;17;112.70
2017;12;11;18;112.61
2017;12;11;19;211.67
2017;12;11;20;211.67
2017;12;11;21;211.67
2017;12;11;22;119.75
2017;12;11;23;119.75
2017;12;12;00;119.75
2017;12;12;01;230.86
2017;12;12;02;230.86
2017;12;12;03;230.86
2017;12;12;04;50.43
2017;12;12;05;50.43
2017;12;12;06;50.43
2017;12;12;07;127.91
2017;12;12;08;127.91
2017;12;12;09;127.91
2017;12;12;10;231.12
2017;12;12;11;349.79
2017;12;12;12;462.63
2017;12;12;13;569.08
2017;12;12;14;641.47
2017;12;12;15;666.42
2017;12;12;16;602.14
2017;12;12;17;50.00
2017;12;12;18;50.00
2017;12;12;19;52.99
2017;12;12;20;52.99
2017;12;12;21;52.99
2017;12;12;22;50.14
2017;12;12;23;50.14
2017;12;13;00;50.14
2017;12;13;01;51.47
2017;12;13;02;51.47
2017;12;13;03;51.47
2017;12;13;04;53.21
2017;12;13;05;53.21
2017;12;13;06;53.21
2017;12;13;07;50.07
2017;12;13;08;50.07
2017;12;13;09;50.07
2017;12;13;10;383.35
2017;12;13;11;522.64
2017;12;13;12;666.53
2017;12;13;13;773.79
2017;12;13;14;813.67
2017;12;13;15;808.68
2017;12;13;16;734.38
2017;12;13;17;50.00
2017;12;13;18;50.00
2017;12;13;19;50.00
2017;12;13;20;50.00
2017;12;13;21;50.00
2017;12;13;22;50.09
2017;12;13;23;50.09
2017;12;14;00;50.09
